{
 "cells": [
  {
   "cell_type": "markdown",
   "metadata": {},
   "source": [
    "# MFW 6 + flopy + matplotlib\n",
    "\n",
    "**Autor: Luis M. de la Cruz**\n",
    "\n",
    "<font color=#FF0000>**Última actualización: Sun Jan 14 16:51:05 2024**</font>"
   ]
  },
  {
   "cell_type": "markdown",
   "metadata": {},
   "source": [
    "## Paso 1. Importamos las bibliotecas\n",
    "Importamos todas las bibliotecas `os` (para acceso al sistema operativo) y `flopy`."
   ]
  },
  {
   "cell_type": "code",
   "execution_count": 1,
   "metadata": {
    "tags": []
   },
   "outputs": [],
   "source": [
    "import os\n",
    "import flopy"
   ]
  },
  {
   "cell_type": "markdown",
   "metadata": {},
   "source": [
    "## Paso 2. Definimos la ruta de MODFLOW\n",
    "Definimos la ruta donde se encuentra el ejecutable de MODFLOW 6 y el nombre de la simulación."
   ]
  },
  {
   "cell_type": "code",
   "execution_count": 2,
   "metadata": {
    "tags": []
   },
   "outputs": [
    {
     "name": "stdout",
     "output_type": "stream",
     "text": [
      " Ruta hacia el ejecutable de MODFLOW 6 : /Users/luiggi/GitSites/mf6.4.4_mac/bin/mf6 \n",
      " Nombre de esta simulación: quick_start\n"
     ]
    }
   ],
   "source": [
    "ws = os.getcwd() # Ruta de donde estamos actualmente\n",
    "\n",
    "# WINDOWS (descomente la siguiente línea)\n",
    "#mf6_exe = 'C:\\\\Users\\\\luiggi\\\\Downloads\\\\mf6.4.2\\\\mf6.4.2_win64\\\\bin\\\\mf6.exe'\n",
    "\n",
    "# MAC (descomente la siguiente línea)\n",
    "mf6_exe = '/Users/luiggi/GitSites/mf6.4.4_mac/bin/mf6'\n",
    "\n",
    "# LINUX (MACTI) (descomente la siguiente línea)\n",
    "#mf6_exe = '/home/jovyan/MODFLOW/mf6.4.2_linux/bin/mf6'\n",
    "\n",
    "# Definimos el nombre de la simulación\n",
    "name = 'quick_start'\n",
    "\n",
    "print(' Ruta hacia el ejecutable de MODFLOW 6 : {} '.format(mf6_exe))\n",
    "print(' Nombre de esta simulación: {}'.format(name))"
   ]
  },
  {
   "cell_type": "markdown",
   "metadata": {},
   "source": [
    "## Paso 3. Objeto para la simulación\n",
    "Creamos un objeto de tipo `MFSimulation`"
   ]
  },
  {
   "cell_type": "code",
   "execution_count": 3,
   "metadata": {
    "tags": []
   },
   "outputs": [],
   "source": [
    "sim  = flopy.mf6.MFSimulation(sim_name=name, sim_ws=ws, exe_name=mf6_exe)"
   ]
  },
  {
   "cell_type": "code",
   "execution_count": 4,
   "metadata": {
    "tags": []
   },
   "outputs": [
    {
     "name": "stdout",
     "output_type": "stream",
     "text": [
      "<class 'flopy.mf6.modflow.mfsimulation.MFSimulation'> \n",
      "\n",
      "sim_name = quick_start\n",
      "sim_path = /Users/luiggi/GitSites/mf6py/E_00\n",
      "exe_name = /Users/luiggi/GitSites/mf6.4.4_mac/bin/mf6\n",
      "\n",
      "###################\n",
      "Package mfsim.nam\n",
      "###################\n",
      "\n",
      "package_name = mfsim.nam\n",
      "filename = mfsim.nam\n",
      "package_type = nam\n",
      "model_or_simulation_package = simulation\n",
      "simulation_name = quick_start\n",
      "\n",
      "\n",
      "\n"
     ]
    }
   ],
   "source": [
    "print(type(sim),'\\n')\n",
    "print(sim)"
   ]
  },
  {
   "cell_type": "markdown",
   "metadata": {},
   "source": [
    "## Paso 4. Objeto para el tiempo\n",
    "Creamos un objeto de tipo `ModflowTDis` para la discretización en el tiempo"
   ]
  },
  {
   "cell_type": "code",
   "execution_count": 5,
   "metadata": {
    "tags": []
   },
   "outputs": [],
   "source": [
    "tdis = flopy.mf6.ModflowTdis(sim)"
   ]
  },
  {
   "cell_type": "code",
   "execution_count": 6,
   "metadata": {
    "tags": []
   },
   "outputs": [
    {
     "name": "stdout",
     "output_type": "stream",
     "text": [
      "<class 'flopy.mf6.modflow.mftdis.ModflowTdis'> \n",
      "\n",
      "package_name = quick_start.tdis\n",
      "filename = quick_start.tdis\n",
      "package_type = tdis\n",
      "model_or_simulation_package = simulation\n",
      "simulation_name = quick_start\n",
      "\n",
      "Block dimensions\n",
      "--------------------\n",
      "nper\n",
      "{internal}\n",
      "(1)\n",
      "\n",
      "\n",
      "Block perioddata\n",
      "--------------------\n",
      "perioddata\n",
      "{internal}\n",
      "([(1., 1, 1.)])\n",
      "\n",
      "\n",
      "\n"
     ]
    }
   ],
   "source": [
    "print(type(tdis),'\\n')\n",
    "print(tdis)"
   ]
  },
  {
   "cell_type": "code",
   "execution_count": 7,
   "metadata": {},
   "outputs": [
    {
     "name": "stdout",
     "output_type": "stream",
     "text": [
      "writing simulation...\n",
      "  writing simulation name file...\n",
      "  writing simulation tdis package...\n"
     ]
    }
   ],
   "source": [
    "sim.write_simulation()"
   ]
  },
  {
   "cell_type": "markdown",
   "metadata": {},
   "source": [
    "## Paso 5. Objeto para la solución.\n",
    "\n",
    "Creamos un objeto de tipo `ModflowIms` para la solución iterativa"
   ]
  },
  {
   "cell_type": "code",
   "execution_count": 8,
   "metadata": {
    "tags": []
   },
   "outputs": [],
   "source": [
    "ims  = flopy.mf6.ModflowIms(sim)"
   ]
  },
  {
   "cell_type": "code",
   "execution_count": 9,
   "metadata": {
    "tags": []
   },
   "outputs": [
    {
     "name": "stdout",
     "output_type": "stream",
     "text": [
      "<class 'flopy.mf6.modflow.mfims.ModflowIms'> \n",
      "\n",
      "package_name = ims_-1\n",
      "filename = quick_start.ims\n",
      "package_type = ims\n",
      "model_or_simulation_package = simulation\n",
      "simulation_name = quick_start\n",
      "\n",
      "\n"
     ]
    }
   ],
   "source": [
    "print(type(ims), '\\n')\n",
    "print(ims)"
   ]
  },
  {
   "cell_type": "code",
   "execution_count": 10,
   "metadata": {},
   "outputs": [
    {
     "name": "stdout",
     "output_type": "stream",
     "text": [
      "writing simulation...\n",
      "  writing simulation name file...\n",
      "  writing simulation tdis package...\n",
      "  writing solution package ims_-1...\n"
     ]
    }
   ],
   "source": [
    "sim.write_simulation()"
   ]
  },
  {
   "cell_type": "markdown",
   "metadata": {},
   "source": [
    "## Paso 6. Objeto para el modelo de flujo\n",
    "Creamos un modelo de flujo usando `ModflowGwf`"
   ]
  },
  {
   "cell_type": "code",
   "execution_count": 11,
   "metadata": {
    "tags": []
   },
   "outputs": [],
   "source": [
    "gwf  = flopy.mf6.ModflowGwf(sim, modelname=name, save_flows=True)"
   ]
  },
  {
   "cell_type": "code",
   "execution_count": 12,
   "metadata": {
    "tags": []
   },
   "outputs": [
    {
     "name": "stdout",
     "output_type": "stream",
     "text": [
      "<class 'flopy.mf6.modflow.mfgwf.ModflowGwf'> \n",
      "\n",
      "name = quick_start\n",
      "model_type = gwf6\n",
      "version = mf6\n",
      "model_relative_path = .\n",
      "\n",
      "\n"
     ]
    }
   ],
   "source": [
    "print(type(gwf), '\\n')\n",
    "print(gwf)"
   ]
  },
  {
   "cell_type": "code",
   "execution_count": 13,
   "metadata": {},
   "outputs": [
    {
     "name": "stdout",
     "output_type": "stream",
     "text": [
      "writing simulation...\n",
      "  writing simulation name file...\n",
      "  writing simulation tdis package...\n",
      "  writing solution package ims_-1...\n",
      "  writing model quick_start...\n",
      "    writing model name file...\n"
     ]
    }
   ],
   "source": [
    "sim.write_simulation()"
   ]
  },
  {
   "cell_type": "markdown",
   "metadata": {},
   "source": [
    "## Paso 7. Objeto para la malla\n",
    "\n",
    "Creamos un objeto para la discretización espacial\n",
    "En Modflow 6 existen tres maneras:\n",
    "- DIS (ModflowGwfdis) - Structured discretization\n",
    "- DISV (ModflowGwfdisv) - Discretization with vertices\n",
    "- DISU (ModflowGwfdisu) - Unstructured discretization"
   ]
  },
  {
   "cell_type": "code",
   "execution_count": 14,
   "metadata": {
    "tags": []
   },
   "outputs": [],
   "source": [
    "nrow = 20\n",
    "ncol = 20\n",
    "dis  = flopy.mf6.ModflowGwfdis(gwf, nrow=nrow, ncol=ncol)"
   ]
  },
  {
   "cell_type": "code",
   "execution_count": 15,
   "metadata": {
    "tags": []
   },
   "outputs": [
    {
     "name": "stdout",
     "output_type": "stream",
     "text": [
      "<class 'flopy.mf6.modflow.mfgwfdis.ModflowGwfdis'> \n",
      "\n",
      "package_name = dis\n",
      "filename = quick_start.dis\n",
      "package_type = dis\n",
      "model_or_simulation_package = model\n",
      "model_name = quick_start\n",
      "\n",
      "Block dimensions\n",
      "--------------------\n",
      "nlay\n",
      "{internal}\n",
      "(1)\n",
      "\n",
      "nrow\n",
      "{internal}\n",
      "(20)\n",
      "\n",
      "ncol\n",
      "{internal}\n",
      "(20)\n",
      "\n",
      "\n",
      "Block griddata\n",
      "--------------------\n",
      "delr\n",
      "{constant 1.0}\n",
      "\n",
      "delc\n",
      "{constant 1.0}\n",
      "\n",
      "top\n",
      "{constant 1.0}\n",
      "\n",
      "botm\n",
      "{constant 0.0}\n",
      "\n",
      "\n",
      "\n"
     ]
    }
   ],
   "source": [
    "print(type(dis), '\\n')\n",
    "print(dis)"
   ]
  },
  {
   "cell_type": "code",
   "execution_count": 16,
   "metadata": {},
   "outputs": [
    {
     "name": "stdout",
     "output_type": "stream",
     "text": [
      "writing simulation...\n",
      "  writing simulation name file...\n",
      "  writing simulation tdis package...\n",
      "  writing solution package ims_-1...\n",
      "  writing model quick_start...\n",
      "    writing model name file...\n",
      "    writing package dis...\n"
     ]
    }
   ],
   "source": [
    "sim.write_simulation()"
   ]
  },
  {
   "cell_type": "markdown",
   "metadata": {},
   "source": [
    "## Paso 8. Condiciones iniciales\n",
    "\n",
    "Creamos un objeto de tipo `ModflowGwfic` para las condiciones iniciales."
   ]
  },
  {
   "cell_type": "code",
   "execution_count": 17,
   "metadata": {
    "tags": []
   },
   "outputs": [],
   "source": [
    "ic   = flopy.mf6.ModflowGwfic(gwf)"
   ]
  },
  {
   "cell_type": "code",
   "execution_count": 18,
   "metadata": {},
   "outputs": [
    {
     "name": "stdout",
     "output_type": "stream",
     "text": [
      "writing simulation...\n",
      "  writing simulation name file...\n",
      "  writing simulation tdis package...\n",
      "  writing solution package ims_-1...\n",
      "  writing model quick_start...\n",
      "    writing model name file...\n",
      "    writing package dis...\n",
      "    writing package ic...\n"
     ]
    }
   ],
   "source": [
    "sim.write_simulation()"
   ]
  },
  {
   "cell_type": "markdown",
   "metadata": {},
   "source": [
    "## Paso 9. Propiedades de los nodos\n",
    "\n",
    "Creamos un objeto de tipo `ModflowGwfnpf` para definir propiedades en los nodos y otro de tipo `ModflowGwfchd` para definir la carga constante"
   ]
  },
  {
   "cell_type": "code",
   "execution_count": 19,
   "metadata": {},
   "outputs": [],
   "source": [
    "npf  = flopy.mf6.ModflowGwfnpf(gwf, save_specific_discharge=True)"
   ]
  },
  {
   "cell_type": "code",
   "execution_count": 20,
   "metadata": {},
   "outputs": [
    {
     "name": "stdout",
     "output_type": "stream",
     "text": [
      "<class 'flopy.mf6.modflow.mfgwfnpf.ModflowGwfnpf'> \n",
      "\n",
      "package_name = npf\n",
      "filename = quick_start.npf\n",
      "package_type = npf\n",
      "model_or_simulation_package = model\n",
      "model_name = quick_start\n",
      "\n",
      "Block options\n",
      "--------------------\n",
      "save_specific_discharge\n",
      "{internal}\n",
      "(True)\n",
      "\n",
      "\n",
      "Block griddata\n",
      "--------------------\n",
      "icelltype\n",
      "{constant 0}\n",
      "\n",
      "k\n",
      "{constant 1.0}\n",
      "\n",
      "\n",
      "\n"
     ]
    }
   ],
   "source": [
    "print(type(npf),'\\n')\n",
    "print(npf)"
   ]
  },
  {
   "cell_type": "code",
   "execution_count": 21,
   "metadata": {},
   "outputs": [
    {
     "name": "stdout",
     "output_type": "stream",
     "text": [
      "writing simulation...\n",
      "  writing simulation name file...\n",
      "  writing simulation tdis package...\n",
      "  writing solution package ims_-1...\n",
      "  writing model quick_start...\n",
      "    writing model name file...\n",
      "    writing package dis...\n",
      "    writing package ic...\n",
      "    writing package npf...\n"
     ]
    }
   ],
   "source": [
    "sim.write_simulation()"
   ]
  },
  {
   "cell_type": "code",
   "execution_count": 22,
   "metadata": {
    "tags": []
   },
   "outputs": [],
   "source": [
    "xc = nrow-1\n",
    "yc = ncol-1\n",
    "chd  = flopy.mf6.ModflowGwfchd(gwf, stress_period_data=[[(0, 0, 0), 10.],\n",
    "                                                        [(0, int(xc/2), int(yc/2)), 2.5],\n",
    "                                                       [(0, xc, yc), 0.]])"
   ]
  },
  {
   "cell_type": "code",
   "execution_count": 23,
   "metadata": {},
   "outputs": [
    {
     "name": "stdout",
     "output_type": "stream",
     "text": [
      "<class 'flopy.mf6.modflow.mfgwfchd.ModflowGwfchd'> \n",
      "\n",
      "package_name = chd_0\n",
      "filename = quick_start.chd\n",
      "package_type = chd\n",
      "model_or_simulation_package = model\n",
      "model_name = quick_start\n",
      "\n",
      "Block period\n",
      "--------------------\n",
      "stress_period_data\n",
      "{internal}\n",
      "([((0, 0, 0), 10. ) ((0, 9, 9),  2.5) ((0, 19, 19),  0. )])\n",
      "\n",
      "\n",
      "\n"
     ]
    }
   ],
   "source": [
    "print(type(chd),'\\n')\n",
    "print(chd)"
   ]
  },
  {
   "cell_type": "code",
   "execution_count": 24,
   "metadata": {},
   "outputs": [
    {
     "name": "stdout",
     "output_type": "stream",
     "text": [
      "writing simulation...\n",
      "  writing simulation name file...\n",
      "  writing simulation tdis package...\n",
      "  writing solution package ims_-1...\n",
      "  writing model quick_start...\n",
      "    writing model name file...\n",
      "    writing package dis...\n",
      "    writing package ic...\n",
      "    writing package npf...\n",
      "    writing package chd_0...\n",
      "INFORMATION: maxbound in ('gwf6', 'chd', 'dimensions') changed to 3 based on size of stress_period_data\n"
     ]
    }
   ],
   "source": [
    "sim.write_simulation()"
   ]
  },
  {
   "cell_type": "markdown",
   "metadata": {},
   "source": [
    "## Paso 10. Objeto para la salida.\n",
    "Creamos un objeto de tipo `ModflowGwfoc` para la salida de la simulación"
   ]
  },
  {
   "cell_type": "code",
   "execution_count": 25,
   "metadata": {
    "tags": []
   },
   "outputs": [],
   "source": [
    "budget_file = name + '.bud'\n",
    "head_file = name + '.hds'\n",
    "\n",
    "oc = flopy.mf6.ModflowGwfoc(gwf,\n",
    "                            budget_filerecord=budget_file,\n",
    "                            head_filerecord=head_file,\n",
    "                            saverecord=[('HEAD', 'ALL'), ('BUDGET', 'ALL')])\n"
   ]
  },
  {
   "cell_type": "code",
   "execution_count": 26,
   "metadata": {
    "tags": []
   },
   "outputs": [
    {
     "name": "stdout",
     "output_type": "stream",
     "text": [
      "<class 'flopy.mf6.modflow.mfgwfoc.ModflowGwfoc'> \n",
      "\n",
      "package_name = oc\n",
      "filename = quick_start.oc\n",
      "package_type = oc\n",
      "model_or_simulation_package = model\n",
      "model_name = quick_start\n",
      "\n",
      "Block options\n",
      "--------------------\n",
      "budget_filerecord\n",
      "{internal}\n",
      "([('quick_start.bud',)])\n",
      "\n",
      "head_filerecord\n",
      "{internal}\n",
      "([('quick_start.hds',)])\n",
      "\n",
      "\n",
      "Block period\n",
      "--------------------\n",
      "saverecord\n",
      "{internal}\n",
      "([('HEAD', 'ALL', None) ('BUDGET', 'ALL', None)])\n",
      "\n",
      "printrecord\n",
      "None\n",
      "\n",
      "\n"
     ]
    }
   ],
   "source": [
    "print(type(oc),'\\n')\n",
    "print(oc)"
   ]
  },
  {
   "cell_type": "markdown",
   "metadata": {},
   "source": [
    "## Paso 11. Archivos de entrada.\n",
    "Escribimos los datos de entrada para la simulación"
   ]
  },
  {
   "cell_type": "code",
   "execution_count": 27,
   "metadata": {},
   "outputs": [
    {
     "name": "stdout",
     "output_type": "stream",
     "text": [
      "writing simulation...\n",
      "  writing simulation name file...\n",
      "  writing simulation tdis package...\n",
      "  writing solution package ims_-1...\n",
      "  writing model quick_start...\n",
      "    writing model name file...\n",
      "    writing package dis...\n",
      "    writing package ic...\n",
      "    writing package npf...\n",
      "    writing package chd_0...\n",
      "    writing package oc...\n"
     ]
    }
   ],
   "source": [
    "sim.write_simulation()"
   ]
  },
  {
   "cell_type": "markdown",
   "metadata": {},
   "source": [
    "## Paso 12. Ejecución\n",
    "Ejecutamos la simulación"
   ]
  },
  {
   "cell_type": "code",
   "execution_count": 28,
   "metadata": {
    "tags": []
   },
   "outputs": [
    {
     "name": "stdout",
     "output_type": "stream",
     "text": [
      "FloPy is using the following executable to run the model: ../../mf6.4.4_mac/bin/mf6\n",
      "                                   MODFLOW 6\n",
      "                U.S. GEOLOGICAL SURVEY MODULAR HYDROLOGIC MODEL\n",
      "                            VERSION 6.4.4 02/13/2024\n",
      "\n",
      "   MODFLOW 6 compiled Feb 13 2024 17:58:17 with Intel(R) Fortran Intel(R) 64\n",
      "   Compiler Classic for applications running on Intel(R) 64, Version 2021.7.0\n",
      "                             Build 20220726_000000\n",
      "\n",
      "This software has been approved for release by the U.S. Geological \n",
      "Survey (USGS). Although the software has been subjected to rigorous \n",
      "review, the USGS reserves the right to update the software as needed \n",
      "pursuant to further analysis and review. No warranty, expressed or \n",
      "implied, is made by the USGS or the U.S. Government as to the \n",
      "functionality of the software and related material nor shall the \n",
      "fact of release constitute any such warranty. Furthermore, the \n",
      "software is released on condition that neither the USGS nor the U.S. \n",
      "Government shall be held liable for any damages resulting from its \n",
      "authorized or unauthorized use. Also refer to the USGS Water \n",
      "Resources Software User Rights Notice for complete use, copyright, \n",
      "and distribution information.\n",
      "\n",
      " \n",
      " Run start date and time (yyyy/mm/dd hh:mm:ss): 2024/04/11 17:15:27\n",
      " \n",
      " Writing simulation list file: mfsim.lst\n",
      " Using Simulation name file: mfsim.nam\n",
      " \n",
      "    Solving:  Stress period:     1    Time step:     1\n",
      " \n",
      " Run end date and time (yyyy/mm/dd hh:mm:ss): 2024/04/11 17:15:27\n",
      " Elapsed run time:  0.036 Seconds\n",
      " \n",
      " Normal termination of simulation.\n"
     ]
    },
    {
     "data": {
      "text/plain": [
       "(True, [])"
      ]
     },
     "execution_count": 28,
     "metadata": {},
     "output_type": "execute_result"
    }
   ],
   "source": [
    "sim.run_simulation()"
   ]
  },
  {
   "cell_type": "markdown",
   "metadata": {},
   "source": [
    "## Paso 13. Recuperamos la salida.\n",
    "Realizamos la visualización"
   ]
  },
  {
   "cell_type": "code",
   "execution_count": 29,
   "metadata": {
    "tags": []
   },
   "outputs": [],
   "source": [
    "head = flopy.utils.HeadFile(os.path.join(ws, head_file)).get_data()\n",
    "bud  = flopy.utils.CellBudgetFile(os.path.join(ws, budget_file),\n",
    "                                  precision='double')\n",
    "\n",
    "spdis = bud.get_data(text='DATA-SPDIS')[0]"
   ]
  },
  {
   "cell_type": "code",
   "execution_count": 43,
   "metadata": {},
   "outputs": [
    {
     "name": "stdout",
     "output_type": "stream",
     "text": [
      "<property object at 0x10dc05530>\n"
     ]
    }
   ],
   "source": []
  },
  {
   "cell_type": "code",
   "execution_count": 30,
   "metadata": {
    "tags": []
   },
   "outputs": [
    {
     "name": "stdout",
     "output_type": "stream",
     "text": [
      "[[[10.          8.23556707  7.16888445  6.43103434  5.87438021\n",
      "    5.43105999  5.06601164  4.75948894  4.49950911  4.27825322\n",
      "    4.09020414  3.93110892  3.79745349  3.68627757  3.59510013\n",
      "    3.52188345  3.46502724  3.42334694  3.39604153  3.3825462 ]\n",
      "  [ 8.23556707  7.53779864  6.8400461   6.24981485  5.7610425\n",
      "    5.35272685  5.00745351  4.71294668  4.4607838   4.24504242\n",
      "    4.06124857  3.90566896  3.77498693  3.66628976  3.57712368\n",
      "    3.50549676  3.44983171  3.40896298  3.38213059  3.36891451]\n",
      "  [ 7.16888445  6.8400461   6.40365264  5.9672562   5.56724183\n",
      "    5.21138111  4.89818751  4.62407532  4.38561565  4.1798796\n",
      "    4.00409866  3.85532728  3.73050914  3.62676301  3.54160888\n",
      "    3.47311791  3.41979307  3.38059925  3.35476578  3.34199078]\n",
      "  [ 6.43103434  6.24981485  5.9672562   5.64825351  5.32924544\n",
      "    5.02737465  4.74984643  4.49954322  4.27771302  4.08476306\n",
      "    3.91996361  3.78105213  3.6649387   3.56858291  3.4894042\n",
      "    3.4255375   3.3755936   3.33874448  3.31440639  3.30229595]\n",
      "  [ 5.87438021  5.7610425   5.56724183  5.32924544  5.0741308\n",
      "    4.81902354  4.57425631  4.34652795  4.14093936  3.9615008\n",
      "    3.80993448  3.68398174  3.57964809  3.4932223   3.42191087\n",
      "    3.36396059  3.31830238  3.28433936  3.26180356  3.25053982]\n",
      "  [ 5.43105999  5.35272685  5.21138111  5.02737465  4.81902354\n",
      "    4.60031606  4.38160107  4.17136799  3.9780303   3.81038157\n",
      "    3.67428991  3.56525884  3.47644883  3.40271958  3.3411088\n",
      "    3.29014693  3.24931803  3.21851635  3.19787485  3.18751898]\n",
      "  [ 5.06601164  5.00745351  4.89818751  4.74984643  4.57425631\n",
      "    4.38160107  4.18045715  3.97931371  3.78942994  3.62770695\n",
      "    3.51162387  3.4263633   3.35821489  3.30015351  3.24963101\n",
      "    3.20621713  3.17031609  3.14259468  3.12370301  3.11414232]\n",
      "  [ 4.75948894  4.71294668  4.62407532  4.49954322  4.34652795\n",
      "    4.17136799  3.97931371  3.7759997   3.57268048  3.39940518\n",
      "    3.31813088  3.27034953  3.22988706  3.19009078  3.15110039\n",
      "    3.1147929   3.08313966  3.05785856  3.04025198  3.03122536]\n",
      "  [ 4.49950911  4.4607838   4.38561565  4.27771302  4.14093936\n",
      "    3.9780303   3.78942994  3.57268048  3.32589544  3.07909555\n",
      "    3.09114662  3.10703074  3.10087921  3.07921333  3.04991991\n",
      "    3.01872946  2.98962007  2.96545088  2.94823419  2.9392943 ]\n",
      "  [ 4.27825322  4.24504242  4.1798796   4.08476306  3.9615008\n",
      "    3.81038157  3.62770695  3.39940518  3.07909555  2.5\n",
      "    2.86031971  2.96580508  2.98739331  2.97598957  2.95067446\n",
      "    2.92061006  2.89120223  2.8661155   2.84794642  2.83842368]\n",
      "  [ 4.09020414  4.06124857  4.00409866  3.91996361  3.80993448\n",
      "    3.67428991  3.51162387  3.31813088  3.09114662  2.86031971\n",
      "    2.88440321  2.90848063  2.90691802  2.8866809   2.85618271\n",
      "    2.82183655  2.7884724   2.75987548  2.73901834  2.72802709]\n",
      "  [ 3.93110892  3.90566896  3.85532728  3.78105213  3.68398174\n",
      "    3.56525884  3.4263633   3.27034953  3.10703074  2.96580508\n",
      "    2.90848063  2.87680914  2.84513871  2.8076426   2.76554024\n",
      "    2.72207642  2.68096295  2.64588751  2.62022141  2.60663449]\n",
      "  [ 3.79745349  3.77498693  3.73050914  3.6649387   3.57964809\n",
      "    3.47644883  3.35821489  3.22988706  3.10087921  2.98739331\n",
      "    2.90691802  2.84513871  2.78918052  2.73321303  2.67625587\n",
      "    2.61995649  2.56739971  2.52247529  2.48933455  2.47164695]\n",
      "  [ 3.68627757  3.66628976  3.62676301  3.56858291  3.4932223\n",
      "    3.40271958  3.30015351  3.19009078  3.07921333  2.97598957\n",
      "    2.8866809   2.8076426   2.73321303  2.6597594   2.58629585\n",
      "    2.51407403  2.44618651  2.38726393  2.3429791   2.31896231]\n",
      "  [ 3.59510013  3.57712368  3.54160888  3.4894042   3.42191087\n",
      "    3.3411088   3.24963101  3.15110039  3.04991991  2.95067446\n",
      "    2.85618271  2.76554024  2.67625587  2.58629585  2.4950702\n",
      "    2.40383309  2.31598772  2.23739638  2.17633973  2.14225746]\n",
      "  [ 3.52188345  3.50549676  3.47311791  3.4255375   3.36396059\n",
      "    3.29014693  3.20621713  3.1147929   3.01872946  2.92061006\n",
      "    2.82183655  2.72207642  2.61995649  2.51407403  2.40383309\n",
      "    2.29017818  2.17651283  2.06997629  1.9827213   1.93147643]\n",
      "  [ 3.46502724  3.44983171  3.41979307  3.3755936   3.31830238\n",
      "    3.24931803  3.17031609  3.08313966  2.98962007  2.89120223\n",
      "    2.7884724   2.68096295  2.56739971  2.44618651  2.31598772\n",
      "    2.17651283  2.02989223  1.88327155  1.75310557  1.66945208]\n",
      "  [ 3.42334694  3.40896298  3.38059925  3.33874448  3.28433936\n",
      "    3.21851635  3.14259468  3.05785856  2.96545088  2.8661155\n",
      "    2.75987548  2.64588751  2.52247529  2.38726393  2.23739638\n",
      "    2.06997629  1.88327155  1.6801275   1.47698499  1.32376976]\n",
      "  [ 3.39604153  3.38213059  3.35476578  3.31440639  3.26180356\n",
      "    3.19787485  3.12370301  3.04025198  2.94823419  2.84794642\n",
      "    2.73901834  2.62022141  2.48933455  2.3429791   2.17633973\n",
      "    1.9827213   1.75310557  1.47698499  1.15092954  0.82491137]\n",
      "  [ 3.3825462   3.36891451  3.34199078  3.30229595  3.25053982\n",
      "    3.18751898  3.11414232  3.03122536  2.9392943   2.83842368\n",
      "    2.72802709  2.60663449  2.47164695  2.31896231  2.14225746\n",
      "    1.93147643  1.66945208  1.32376976  0.82491137  0.        ]]]\n"
     ]
    }
   ],
   "source": [
    "print(head)"
   ]
  },
  {
   "cell_type": "code",
   "execution_count": 31,
   "metadata": {
    "tags": []
   },
   "outputs": [
    {
     "name": "stdout",
     "output_type": "stream",
     "text": [
      "[(  1,   1, 0.,  1.76443293, -1.76443293, 0.)\n",
      " (  2,   2, 0.,  1.41555777, -0.69776843, 0.)\n",
      " (  3,   3, 0.,  0.90226637, -0.32883836, 0.)\n",
      " (  4,   4, 0.,  0.64725212, -0.18121949, 0.)\n",
      " (  5,   5, 0.,  0.49998717, -0.11333771, 0.)\n",
      " (  6,   6, 0.,  0.40418428, -0.07833314, 0.)\n",
      " (  7,   7, 0.,  0.33578553, -0.05855813, 0.)\n",
      " (  8,   8, 0.,  0.28325127, -0.04654226, 0.)\n",
      " (  9,   9, 0.,  0.24061786, -0.03872531, 0.)\n",
      " ( 10,  10, 0.,  0.20465248, -0.03321081, 0.)\n",
      " ( 11,  11, 0.,  0.17357215, -0.02895557, 0.)\n",
      " ( 12,  12, 0.,  0.14637532, -0.02543996, 0.)\n",
      " ( 13,  13, 0.,  0.12241567, -0.02246657, 0.)\n",
      " ( 14,  14, 0.,  0.10117668, -0.01998781, 0.)\n",
      " ( 15,  15, 0.,  0.08219706, -0.01797645, 0.)\n",
      " ( 16,  16, 0.,  0.06503645, -0.01638669, 0.)\n",
      " ( 17,  17, 0.,  0.04926825, -0.01519553, 0.)\n",
      " ( 18,  18, 0.,  0.03449286, -0.01438396, 0.)\n",
      " ( 19,  19, 0.,  0.02040037, -0.01391094, 0.)\n",
      " ( 20,  20, 0.,  0.01349533, -0.01363169, 0.)\n",
      " ( 21,  21, 0.,  0.69776843, -1.41555777, 0.)\n",
      " ( 22,  22, 0.,  0.69776049, -0.69776049, 0.)\n",
      " ( 23,  23, 0.,  0.6439919 , -0.38261591, 0.)\n",
      " ( 24,  24, 0.,  0.5395018 , -0.23188907, 0.)\n",
      " ( 25,  25, 0.,  0.448544  , -0.15356919, 0.)\n",
      " ( 26,  26, 0.,  0.37679449, -0.10983944, 0.)\n",
      " ( 27,  27, 0.,  0.31989008, -0.08391207, 0.)\n",
      " ( 28,  28, 0.,  0.27333486, -0.06770681, 0.)\n",
      " ( 29,  29, 0.,  0.23395213, -0.05694673, 0.)\n",
      " ( 30,  30, 0.,  0.19976762, -0.04918681, 0.)\n",
      " ( 31,  31, 0.,  0.16968673, -0.04305274, 0.)\n",
      " ( 32,  32, 0.,  0.14313082, -0.03789082, 0.)\n",
      " ( 33,  33, 0.,  0.1196896 , -0.03347218, 0.)\n",
      " ( 34,  34, 0.,  0.09893162, -0.02975728, 0.)\n",
      " ( 35,  35, 0.,  0.0803965 , -0.02674563, 0.)\n",
      " ( 36,  36, 0.,  0.06364599, -0.02438277, 0.)\n",
      " ( 37,  37, 0.,  0.04826689, -0.02261708, 0.)\n",
      " ( 38,  38, 0.,  0.03385056, -0.02137385, 0.)\n",
      " ( 39,  39, 0.,  0.02002424, -0.02063787, 0.)\n",
      " ( 40,  40, 0.,  0.01321608, -0.02027771, 0.)\n",
      " ( 41,  41, 0.,  0.32883836, -0.90226637, 0.)\n",
      " ( 42,  42, 0.,  0.38261591, -0.6439919 , 0.)\n",
      " ( 43,  43, 0.,  0.43639495, -0.43639495, 0.)\n",
      " ( 44,  44, 0.,  0.41820541, -0.30078067, 0.)\n",
      " ( 45,  45, 0.,  0.37793754, -0.21589853, 0.)\n",
      " ( 46,  46, 0.,  0.33452716, -0.1626761 , 0.)\n",
      " ( 47,  47, 0.,  0.2936529 , -0.12880354, 0.)\n",
      " ( 48,  48, 0.,  0.25628593, -0.10670173, 0.)\n",
      " ( 49,  49, 0.,  0.22209786, -0.09153539, 0.)\n",
      " ( 50,  50, 0.,  0.19075849, -0.08013968, 0.)\n",
      " ( 51,  51, 0.,  0.16227616, -0.07064248, 0.)\n",
      " ( 52,  52, 0.,  0.13679476, -0.06230842, 0.)\n",
      " ( 53,  53, 0.,  0.11428214, -0.05502411, 0.)\n",
      " ( 54,  54, 0.,  0.09445013, -0.04885343, 0.)\n",
      " ( 55,  55, 0.,  0.07682255, -0.04385974, 0.)\n",
      " ( 56,  56, 0.,  0.0609079 , -0.03997963, 0.)\n",
      " ( 57,  57, 0.,  0.04625933, -0.03711905, 0.)\n",
      " ( 58,  58, 0.,  0.03251365, -0.03510925, 0.)\n",
      " ( 59,  59, 0.,  0.01930423, -0.0338621 , 0.)\n",
      " ( 60,  60, 0.,  0.012775  , -0.03330928, 0.)\n",
      " ( 61,  61, 0.,  0.18121949, -0.64725212, 0.)\n",
      " ( 62,  62, 0.,  0.23188907, -0.5395018 , 0.)\n",
      " ( 63,  63, 0.,  0.30078067, -0.41820541, 0.)\n",
      " ( 64,  64, 0.,  0.31900538, -0.31900538, 0.)\n",
      " ( 65,  65, 0.,  0.31043943, -0.24655551, 0.)\n",
      " ( 66,  66, 0.,  0.2896995 , -0.19617879, 0.)\n",
      " ( 67,  67, 0.,  0.26391572, -0.1619656 , 0.)\n",
      " ( 68,  68, 0.,  0.23606671, -0.13877368, 0.)\n",
      " ( 69,  69, 0.,  0.20739008, -0.12233815, 0.)\n",
      " ( 70,  70, 0.,  0.1788747 , -0.1091894 , 0.)\n",
      " ( 71,  71, 0.,  0.15185547, -0.09708209, 0.)\n",
      " ( 72,  72, 0.,  0.12751246, -0.08567277, 0.)\n",
      " ( 73,  73, 0.,  0.10623461, -0.07543052, 0.)\n",
      " ( 74,  74, 0.,  0.08776725, -0.06677035, 0.)\n",
      " ( 75,  75, 0.,  0.0715227 , -0.059849  , 0.)\n",
      " ( 76,  76, 0.,  0.0569053 , -0.05457866, 0.)\n",
      " ( 77,  77, 0.,  0.04339651, -0.05074534, 0.)\n",
      " ( 78,  78, 0.,  0.0305936 , -0.04812995, 0.)\n",
      " ( 79,  79, 0.,  0.01822426, -0.04648111, 0.)\n",
      " ( 80,  80, 0.,  0.01211044, -0.04572548, 0.)\n",
      " ( 81,  81, 0.,  0.11333771, -0.49998717, 0.)\n",
      " ( 82,  82, 0.,  0.15356919, -0.448544  , 0.)\n",
      " ( 83,  83, 0.,  0.21589853, -0.37793754, 0.)\n",
      " ( 84,  84, 0.,  0.24655551, -0.31043943, 0.)\n",
      " ( 85,  85, 0.,  0.25511095, -0.25511095, 0.)\n",
      " ( 86,  86, 0.,  0.24993724, -0.2135293 , 0.)\n",
      " ( 87,  87, 0.,  0.23624779, -0.18412268, 0.)\n",
      " ( 88,  88, 0.,  0.21665848, -0.16408762, 0.)\n",
      " ( 89,  89, 0.,  0.19251358, -0.14984136, 0.)\n",
      " ( 90,  90, 0.,  0.16550244, -0.13719075, 0.)\n",
      " ( 91,  91, 0.,  0.13875953, -0.12283685, 0.)\n",
      " ( 92,  92, 0.,  0.11514319, -0.10789664, 0.)\n",
      " ( 93,  93, 0.,  0.09537972, -0.09424494, 0.)\n",
      " ( 94,  94, 0.,  0.07886861, -0.08293166, 0.)\n",
      " ( 95,  95, 0.,  0.06463086, -0.0741477 , 0.)\n",
      " ( 96,  96, 0.,  0.05180424, -0.06769528, 0.)\n",
      " ( 97,  97, 0.,  0.03981062, -0.06313779, 0.)\n",
      " ( 98,  98, 0.,  0.02824941, -0.06011406, 0.)\n",
      " ( 99,  99, 0.,  0.01689977, -0.05826577, 0.)\n",
      " (100, 100, 0.,  0.01126374, -0.05738849, 0.)\n",
      " (101, 101, 0.,  0.07833314, -0.40418428, 0.)\n",
      " (102, 102, 0.,  0.10983944, -0.37679449, 0.)\n",
      " (103, 103, 0.,  0.1626761 , -0.33452716, 0.)\n",
      " (104, 104, 0.,  0.19617879, -0.2896995 , 0.)\n",
      " (105, 105, 0.,  0.2135293 , -0.24993724, 0.)\n",
      " (106, 106, 0.,  0.21871123, -0.21871123, 0.)\n",
      " (107, 107, 0.,  0.21447403, -0.19689958, 0.)\n",
      " (108, 108, 0.,  0.20178539, -0.18360712, 0.)\n",
      " (109, 109, 0.,  0.18049321, -0.17575471, 0.)\n",
      " (110, 110, 0.,  0.15187019, -0.16689692, 0.)\n",
      " (111, 111, 0.,  0.12256136, -0.1491553 , 0.)\n",
      " (112, 112, 0.,  0.09892054, -0.12880922, 0.)\n",
      " (113, 113, 0.,  0.08126963, -0.1107166 , 0.)\n",
      " (114, 114, 0.,  0.06767002, -0.0965344 , 0.)\n",
      " (115, 115, 0.,  0.05628632, -0.08613993, 0.)\n",
      " (116, 116, 0.,  0.04589538, -0.07887173, 0.)\n",
      " (117, 117, 0.,  0.03581529, -0.07399315, 0.)\n",
      " (118, 118, 0.,  0.02572159, -0.07087234, 0.)\n",
      " (119, 119, 0.,  0.01549869, -0.06905027, 0.)\n",
      " (120, 120, 0.,  0.01035587, -0.06819875, 0.)\n",
      " (121, 121, 0.,  0.05855813, -0.33578553, 0.)\n",
      " (122, 122, 0.,  0.08391207, -0.31989008, 0.)\n",
      " (123, 123, 0.,  0.12880354, -0.2936529 , 0.)\n",
      " (124, 124, 0.,  0.1619656 , -0.26391572, 0.)\n",
      " (125, 125, 0.,  0.18412268, -0.23624779, 0.)\n",
      " (126, 126, 0.,  0.19689958, -0.21447403, 0.)\n",
      " (127, 127, 0.,  0.20114368, -0.20114368, 0.)\n",
      " (128, 128, 0.,  0.19551361, -0.19768414, 0.)\n",
      " (129, 129, 0.,  0.17580338, -0.20267491, 0.)\n",
      " (130, 130, 0.,  0.13890303, -0.20548819, 0.)\n",
      " (131, 131, 0.,  0.10067183, -0.17807952, 0.)\n",
      " (132, 132, 0.,  0.07670449, -0.14745466, 0.)\n",
      " (133, 133, 0.,  0.06310489, -0.12328088, 0.)\n",
      " (134, 134, 0.,  0.05429194, -0.1063144 , 0.)\n",
      " (135, 135, 0.,  0.04696819, -0.0950042 , 0.)\n",
      " (136, 136, 0.,  0.03965746, -0.08767702, 0.)\n",
      " (137, 137, 0.,  0.03181123, -0.08308919, 0.)\n",
      " (138, 138, 0.,  0.02330654, -0.0803289 , 0.)\n",
      " (139, 139, 0.,  0.01422618, -0.07881143, 0.)\n",
      " (140, 140, 0.,  0.0095607 , -0.07814681, 0.)\n",
      " (141, 141, 0.,  0.04654226, -0.28325127, 0.)\n",
      " (142, 142, 0.,  0.06770681, -0.27333486, 0.)\n",
      " (143, 143, 0.,  0.10670173, -0.25628593, 0.)\n",
      " (144, 144, 0.,  0.13877368, -0.23606671, 0.)\n",
      " (145, 145, 0.,  0.16408762, -0.21665848, 0.)\n",
      " (146, 146, 0.,  0.18360712, -0.20178539, 0.)\n",
      " (147, 147, 0.,  0.19768414, -0.19551361, 0.)\n",
      " (148, 148, 0.,  0.20331662, -0.20331662, 0.)\n",
      " (149, 149, 0.,  0.18829726, -0.23176725, 0.)\n",
      " (150, 150, 0.,  0.1272748 , -0.2743057 , 0.)\n",
      " (151, 151, 0.,  0.06452783, -0.21023862, 0.)\n",
      " (152, 152, 0.,  0.04412191, -0.15966628, 0.)\n",
      " (153, 153, 0.,  0.04012938, -0.12866784, 0.)\n",
      " (154, 154, 0.,  0.03939334, -0.11047009, 0.)\n",
      " (155, 155, 0.,  0.03764894, -0.09985555, 0.)\n",
      " (156, 156, 0.,  0.03398037, -0.09374384, 0.)\n",
      " (157, 157, 0.,  0.02846717, -0.09034801, 0.)\n",
      " (158, 158, 0.,  0.02144384, -0.0885719 , 0.)\n",
      " (159, 159, 0.,  0.0133166 , -0.08773441, 0.)\n",
      " (160, 160, 0.,  0.00902662, -0.08742401, 0.)\n",
      " (161, 161, 0.,  0.03872531, -0.24061786, 0.)\n",
      " (162, 162, 0.,  0.05694673, -0.23395213, 0.)\n",
      " (163, 163, 0.,  0.09153539, -0.22209786, 0.)\n",
      " (164, 164, 0.,  0.12233815, -0.20739008, 0.)\n",
      " (165, 165, 0.,  0.14984136, -0.19251358, 0.)\n",
      " (166, 166, 0.,  0.17575471, -0.18049321, 0.)\n",
      " (167, 167, 0.,  0.20267491, -0.17580338, 0.)\n",
      " (168, 168, 0.,  0.23176725, -0.18829726, 0.)\n",
      " (169, 169, 0.,  0.24679246, -0.24679246, 0.)\n",
      " (170, 170, 0.,  0.11737441, -0.44970259, 0.)\n",
      " (171, 171, 0., -0.0139676 , -0.22890558, 0.)\n",
      " (172, 172, 0., -0.0048663 , -0.15227223, 0.)\n",
      " (173, 173, 0.,  0.01390871, -0.12124688, 0.)\n",
      " (174, 174, 0.,  0.02547965, -0.1070506 , 0.)\n",
      " (175, 175, 0.,  0.03024194, -0.10021297, 0.)\n",
      " (176, 176, 0.,  0.03014992, -0.09709142, 0.)\n",
      " (177, 177, 0.,  0.02663929, -0.09596871, 0.)\n",
      " (178, 178, 0.,  0.02069294, -0.09587153, 0.)\n",
      " (179, 179, 0.,  0.01307829, -0.09615278, 0.)\n",
      " (180, 180, 0.,  0.00893989, -0.09640084, 0.)\n",
      " (181, 181, 0.,  0.03321081, -0.20465248, 0.)\n",
      " (182, 182, 0.,  0.04918681, -0.19976762, 0.)\n",
      " (183, 183, 0.,  0.08013968, -0.19075849, 0.)\n",
      " (184, 184, 0.,  0.1091894 , -0.1788747 , 0.)\n",
      " (185, 185, 0.,  0.13719075, -0.16550244, 0.)\n",
      " (186, 186, 0.,  0.16689692, -0.15187019, 0.)\n",
      " (187, 187, 0.,  0.20548819, -0.13890303, 0.)\n",
      " (188, 188, 0.,  0.2743057 , -0.1272748 , 0.)\n",
      " (189, 189, 0.,  0.44970259, -0.11737441, 0.)\n",
      " (190, 190, 0.,  0.10938792, -0.10938792, 0.)\n",
      " (191, 191, 0., -0.23290254, -0.1033717 , 0.)\n",
      " (192, 192, 0., -0.0635368 , -0.09927506, 0.)\n",
      " (193, 193, 0., -0.00509225, -0.0969806 , 0.)\n",
      " (194, 194, 0.,  0.01835942, -0.09626621, 0.)\n",
      " (195, 195, 0.,  0.02768975, -0.0968686 , 0.)\n",
      " (196, 196, 0.,  0.02973611, -0.09844645, 0.)\n",
      " (197, 197, 0.,  0.02724728, -0.10057384, 0.)\n",
      " (198, 198, 0.,  0.0216279 , -0.1027877 , 0.)\n",
      " (199, 199, 0.,  0.01384591, -0.10460792, 0.)\n",
      " (200, 200, 0.,  0.00952274, -0.10563361, 0.)\n",
      " (201, 201, 0.,  0.02895557, -0.17357215, 0.)\n",
      " (202, 202, 0.,  0.04305274, -0.16968673, 0.)\n",
      " (203, 203, 0.,  0.07064248, -0.16227616, 0.)\n",
      " (204, 204, 0.,  0.09708209, -0.15185547, 0.)\n",
      " (205, 205, 0.,  0.12283685, -0.13875953, 0.)\n",
      " (206, 206, 0.,  0.1491553 , -0.12256136, 0.)\n",
      " (207, 207, 0.,  0.17807952, -0.10067183, 0.)\n",
      " (208, 208, 0.,  0.21023862, -0.06452783, 0.)\n",
      " (209, 209, 0.,  0.22890558,  0.0139676 , 0.)\n",
      " (210, 210, 0.,  0.1033717 ,  0.23290254, 0.)\n",
      " (211, 211, 0., -0.02408046,  0.02408046, 0.)\n",
      " (212, 212, 0., -0.01125741, -0.04449797, 0.)\n",
      " (213, 213, 0.,  0.01089986, -0.0711273 , 0.)\n",
      " (214, 214, 0.,  0.02536766, -0.08417348, 0.)\n",
      " (215, 215, 0.,  0.03242218, -0.09256711, 0.)\n",
      " (216, 216, 0.,  0.03385516, -0.09926682, 0.)\n",
      " (217, 217, 0.,  0.03098053, -0.10511964, 0.)\n",
      " (218, 218, 0.,  0.02472703, -0.110114  , 0.)\n",
      " (219, 219, 0.,  0.0159242 , -0.1138625 , 0.)\n",
      " (220, 220, 0.,  0.01099126, -0.1158946 , 0.)\n",
      " (221, 221, 0.,  0.02543996, -0.14637532, 0.)\n",
      " (222, 222, 0.,  0.03789082, -0.14313082, 0.)\n",
      " (223, 223, 0.,  0.06230842, -0.13679476, 0.)\n",
      " (224, 224, 0.,  0.08567277, -0.12751246, 0.)\n",
      " (225, 225, 0.,  0.10789664, -0.11514319, 0.)\n",
      " (226, 226, 0.,  0.12880922, -0.09892054, 0.)\n",
      " (227, 227, 0.,  0.14745466, -0.07670449, 0.)\n",
      " (228, 228, 0.,  0.15966628, -0.04412191, 0.)\n",
      " (229, 229, 0.,  0.15227223,  0.0048663 , 0.)\n",
      " (230, 230, 0.,  0.09927506,  0.0635368 , 0.)\n",
